-9.6799921498 -9.9367464492 -10.0929846263 -8.3479177987
-9.5851674348 -9.9172160723 -9.0642000817 -9.1865840653
-9.8304551201 -9.7721636633 -9.5893875194 -10.4261771791
-9.7805778272 -8.4117248115 -8.3540830883 -8.2431660831
-10.5367280095 -9.8783071895 -9.8757030125 -9.6245194266
-7.4122052323 -8.7972352270 -9.4751663436 -9.3784263393
-9.9762322747 -9.3604119116 -8.0830361693 -8.6387685243
0.0000000000 0.0000000000 0.0000000000 0.0000000000
-9.3841912718 -9.5405942427 -8.5261239491 -9.1646494821
-9.1987650271 -8.2108210596 -8.2265625061 -9.0884319339
-9.2859203816 -8.0994925043 -7.6704649796 -7.3312963417
0.0000000000 0.0000000000 -0.4000000000 0.0000000000
-7.9359031460 -9.0564009650 -8.2493220031 -8.7888339830
0.0000000000 0.0000000000 0.0000000000 0.0000000000
0.0000000000 0.0000000000 0.0000000000 0.0000000000
-7.0205722330 -5.6415220461 -5.9790671079 -4.9956570463
